TB_setaria_12_0004	0.000001  0.999996  0.000001  0.000001
TB_setaria_12_0007	0.655607  0.308310  0.036081  0.000001
TB_setaria_12_0008	0.017035  0.982962  0.000001  0.000001
TB_setaria_12_0011	0.226905  0.706867  0.000001  0.066227
TB_setaria_12_0016	0.667626  0.332372  0.000001  0.000001
TB_setaria_12_0018	0.046548  0.416995  0.536455  0.000001
TB_setaria_12_0129	0.000001  0.000001  0.003126  0.996871
TB_setaria_12_0025	0.000001  0.999996  0.000001  0.000001
TB_setaria_12_0026	0.000001  0.241599  0.670574  0.087826
TB_setaria_12_0045	0.000001  0.999996  0.000001  0.000001
TB_setaria_12_0049	0.000001  0.807703  0.192294  0.000001
TB_setaria_12_0051	0.000001  0.635153  0.202176  0.162670
TB_setaria_12_0062	0.469125  0.434938  0.000001  0.095935
TB_setaria_12_0067	0.000001  0.000001  0.999996  0.000001
TB_setaria_12_0069	0.668132  0.331865  0.000001  0.000001
TB_setaria_12_0082	0.667277  0.332720  0.000001  0.000001
TB_setaria_12_0084	0.999996  0.000001  0.000001  0.000001
TB_setaria_12_0090	0.000001  0.765321  0.000001  0.234676
TB_setaria_12_0092	0.999996  0.000001  0.000001  0.000001
TB_setaria_12_0098	0.388288  0.309540  0.116214  0.185959
TB_setaria_12_0253	0.000001  0.036211  0.076798  0.886990
TB_setaria_12_0113	0.000001  0.999996  0.000001  0.000001
TB_setaria_12_0114	0.645442  0.354555  0.000001  0.000001
TB_setaria_12_0171	0.610644  0.226974  0.004063  0.158319
TB_setaria_12_0203	0.012436  0.987561  0.000001  0.000001
TB_setaria_12_0207	0.094526  0.169107  0.736365  0.000001
TB_setaria_12_0536	0.000001  0.000001  0.000001  0.999996
TB_setaria_12_0537	0.000001  0.000001  0.000001  0.999996
TB_setaria_12_0543	0.480245  0.477159  0.000001  0.042594
TB_setaria_12_0545	0.000001  0.000001  0.000001  0.999996
TB_setaria_12_0548	0.464045  0.415178  0.052797  0.067979
TB_setaria_12_0556	0.000001  0.000001  0.000001  0.999996
TB_setaria_12_0561	0.999996  0.000001  0.000001  0.000001
TB_setaria_12_0562	0.999996  0.000001  0.000001  0.000001
TB_setaria_12_0568	0.000001  0.000001  0.000001  0.999996
TB_setaria_12_0576	0.999996  0.000001  0.000001  0.000001
TB_setaria_12_0577	0.154618  0.595244  0.222612  0.027526
TB_setaria_12_0578	0.000001  0.910626  0.000001  0.089371
TB_setaria_12_0583	0.000001  0.000001  0.000001  0.999996
TB_setaria_12_0584	0.999996  0.000001  0.000001  0.000001
TB_setaria_12_0585	0.999996  0.000001  0.000001  0.000001
TB_setaria_12_0587	0.956447  0.043550  0.000001  0.000001
TB_setaria_12_0589	0.999996  0.000001  0.000001  0.000001
TB_setaria_12_0595	0.000001  0.000001  0.000001  0.999996
TB_setaria_12_0596	0.818390  0.090492  0.091116  0.000001
TB_setaria_12_0600	0.000001  0.000001  0.000001  0.999996
TB_setaria_12_0601	0.999996  0.000001  0.000001  0.000001
TB_setaria_12_0603	0.279211  0.000001  0.720786  0.000001
TB_setaria_12_0604	0.000001  0.000001  0.000001  0.999996
TB_setaria_12_0607	0.564117  0.409524  0.026358  0.000001
TB_setaria_12_0608	0.365378  0.305757  0.000001  0.328864
TB_setaria_12_0609	0.841231  0.070991  0.087777  0.000001
TB_setaria_12_0613	0.132702  0.588076  0.162834  0.116389
TB_setaria_12_0615	0.000001  0.999996  0.000001  0.000001
TB_setaria_12_0616	0.000001  0.999996  0.000001  0.000001
TB_setaria_12_0617	0.000001  0.999996  0.000001  0.000001
TB_setaria_12_0618	0.000001  0.511145  0.000001  0.488852
TB_setaria_12_0619	0.000001  0.724596  0.000001  0.275401
TB_setaria_12_0620	0.000001  0.724597  0.000001  0.275400
TB_setaria_12_0622	0.000001  0.999996  0.000001  0.000001
TB_setaria_12_0623	0.000001  0.978476  0.000001  0.021521
TB_setaria_12_0626	0.000001  0.901474  0.000001  0.098523
TB_setaria_12_0634	0.000001  0.900667  0.000001  0.099330
TB_setaria_12_0638	0.999996  0.000001  0.000001  0.000001
TB_setaria_12_0640	0.305584  0.110231  0.584183  0.000001
TB_setaria_12_0641	0.000001  0.999996  0.000001  0.000001
TB_setaria_12_0529	0.000001  0.000001  0.999996  0.000001
TB_setaria_12_0530	0.014177  0.012111  0.973711  0.000001
TB_setaria_12_0531	0.000003  0.000001  0.923828  0.076168
A10.1	0.000001  0.000001  0.000001  0.999996
TB_setaria_12_0401	0.479501  0.444361  0.000001  0.076136
TB_setaria_12_0402	0.324593  0.000001  0.558026  0.117379
TB_setaria_12_0403	0.655299  0.089957  0.197671  0.057072
TB_setaria_12_0407	0.378781  0.186697  0.404787  0.029735
TB_setaria_12_0409	0.403180  0.000001  0.000001  0.596817
TB_setaria_12_0410	0.235356  0.000001  0.463218  0.301424
TB_setaria_12_0411	0.646050  0.000001  0.000001  0.353947
TB_setaria_12_0412	0.368986  0.000219  0.000001  0.630794
TB_setaria_12_0414	0.000001  0.000001  0.000001  0.999996
TB_setaria_12_0415	0.999996  0.000001  0.000001  0.000001
TB_setaria_12_0416	0.999996  0.000001  0.000001  0.000001
TB_setaria_12_0417	0.000001  0.000001  0.000001  0.999996
TB_setaria_12_0418	0.000001  0.000001  0.000001  0.999996
TB_setaria_12_0419	0.186386  0.029816  0.000001  0.783796
TB_setaria_12_0420	0.294699  0.000001  0.000001  0.705298
TB_setaria_12_0421	0.000001  0.000001  0.000001  0.999996
TB_setaria_12_0423	0.000001  0.000001  0.000001  0.999996
TB_setaria_12_0424	0.000001  0.000001  0.000001  0.999996
TB_setaria_12_0426	0.000001  0.000001  0.000001  0.999996
TB_setaria_12_0428	0.000001  0.000001  0.000001  0.999996
TB_setaria_12_0429	0.000001  0.000001  0.000001  0.999996
TB_setaria_12_0430	0.000001  0.000001  0.000001  0.999996
TB_setaria_12_0432	0.925816  0.000001  0.000001  0.074181
TB_setaria_12_0433	0.000001  0.000001  0.000001  0.999996
TB_setaria_12_0434	0.292673  0.000001  0.221268  0.486057
TB_setaria_12_0435	0.095315  0.000001  0.293686  0.610997
TB_setaria_12_0436	0.000001  0.000001  0.000001  0.999996
TB_setaria_12_0017	0.713252  0.286745  0.000001  0.000001
TB_setaria_12_0020	0.999996  0.000001  0.000001  0.000001
TB_setaria_12_0021	0.000001  0.815974  0.000001  0.184023
TB_setaria_12_0031	0.682865  0.271597  0.000001  0.045537
TB_setaria_12_0034	0.503089  0.496908  0.000001  0.000001
TB_setaria_12_0035	0.000001  0.880451  0.000001  0.119546
TB_setaria_12_0037	0.075956  0.703275  0.106398  0.114371
TB_setaria_12_0046	0.000001  0.000001  0.000001  0.999996
TB_setaria_12_0047	0.901917  0.096905  0.001177  0.000001
TB_setaria_12_0054	0.000001  0.936161  0.009322  0.054515
TB_setaria_12_0059	0.000001  0.999996  0.000001  0.000001
TB_setaria_12_0060	0.000001  0.999996  0.000001  0.000001
TB_setaria_12_0061	0.279620  0.407137  0.228251  0.084992
TB_setaria_12_0068	0.000001  0.000001  0.999996  0.000001
TB_setaria_12_0096	0.000001  0.000001  0.000001  0.999996
TB_setaria_12_0097	0.683486  0.000001  0.000001  0.316511
TB_setaria_12_0101	0.000001  0.419812  0.365431  0.214755
TB_setaria_12_0103	0.000001  0.000001  0.542695  0.457302
TB_setaria_12_0104	0.000001  0.614739  0.000001  0.385258
TB_setaria_12_0107	0.180100  0.539685  0.000001  0.280214
TB_setaria_12_0108	0.000001  0.791996  0.000001  0.208001
TB_setaria_12_0109	0.482999  0.369349  0.114094  0.033559
TB_setaria_12_0122	0.672157  0.057897  0.000001  0.269944
Yang_8054	0.013144  0.000001  0.852013  0.134842
TB_setaria_12_0003	0.000001  0.000001  0.000001  0.999996
TB_setaria_12_0010	0.999996  0.000001  0.000001  0.000001
TB_setaria_12_0015	0.000001  0.000001  0.999996  0.000001
TB_setaria_12_0020a	0.999996  0.000001  0.000001  0.000001
TB_setaria_12_0029	0.596731  0.403266  0.000001  0.000001
TB_setaria_12_0041	0.023184  0.976813  0.000001  0.000001
TB_setaria_12_0055	0.000001  0.999996  0.000001  0.000001
TB_setaria_12_0063a	0.000001  0.960352  0.000001  0.039645
TB_setaria_12_0100	0.000001  0.307314  0.000001  0.692683
TB_setaria_12_0109a	0.483035  0.369359  0.113500  0.034106
TB_setaria_12_0125a	0.000001  0.220863  0.000001  0.779134
TB_setaria_12_0135	0.000001  0.000001  0.000001  0.999996
TB_setaria_12_0144	0.000001  0.000001  0.000268  0.999729
TB_setaria_12_0208	0.002760  0.000001  0.381062  0.616177
TB_setaria_12_0254	0.022878  0.000001  0.329445  0.647675
TB_setaria_12_0256	0.000001  0.555436  0.000001  0.444561
TB_setaria_12_0258	0.000001  0.033710  0.545577  0.420712
TB_setaria_12_0260	0.000001  0.026093  0.150158  0.823748
TB_setaria_12_0266	0.000001  0.000001  0.959581  0.040416
TB_setaria_12_0267	0.000084  0.000001  0.999913  0.000001
TB_setaria_12_0269	0.017042  0.000001  0.236788  0.746168
TB_setaria_12_0629	0.000001  0.000001  0.999996  0.000001
TB_setaria_12_0631	0.000001  0.007225  0.992772  0.000001
TB_setaria_12_0539	0.459417  0.239473  0.268451  0.032659
TB_setaria_12_0540	0.145624  0.502318  0.138844  0.213214
TB_setaria_12_0541	0.018886  0.842261  0.000001  0.138852
TB_setaria_12_0544	0.463966  0.415385  0.052601  0.068048
TB_setaria_12_0546	0.410324  0.497836  0.000001  0.091839
TB_setaria_12_0547	0.000001  0.307710  0.555055  0.137233
TB_setaria_12_0549	0.000001  0.441626  0.412867  0.145505
TB_setaria_12_0550	0.448137  0.312586  0.145818  0.093460
TB_setaria_12_0551	0.510879  0.089130  0.240392  0.159598
TB_setaria_12_0553	0.000001  0.593601  0.000001  0.406397
TB_setaria_12_0554	0.315724  0.000001  0.625726  0.058549
TB_setaria_12_0555	0.401764  0.407784  0.000001  0.190450
TB_setaria_12_0557	0.657928  0.147897  0.194173  0.000001
TB_setaria_12_0558	0.000462  0.312304  0.000001  0.687232
TB_setaria_12_0559	0.000001  0.315204  0.000001  0.684794
TB_setaria_12_0560	0.972657  0.026689  0.000001  0.000653
TB_setaria_12_0563	0.963021  0.000001  0.036976  0.000001
TB_setaria_12_0564	0.999996  0.000001  0.000001  0.000001
TB_setaria_12_0565	0.911265  0.088732  0.000001  0.000001
TB_setaria_12_0566	0.939690  0.060308  0.000001  0.000001
TB_setaria_12_0567	0.999996  0.000001  0.000001  0.000001
TB_setaria_12_0569	0.812138  0.132093  0.000001  0.055768
TB_setaria_12_0572	0.785839  0.123943  0.000001  0.090217
TB_setaria_12_0573	0.613046  0.041478  0.000001  0.345474
TB_setaria_12_0574	0.947731  0.052266  0.000001  0.000001
TB_setaria_12_0575	0.999996  0.000001  0.000001  0.000001
TB_setaria_12_0579	0.861566  0.096373  0.000001  0.042059
TB_setaria_12_0580	0.607606  0.000001  0.000001  0.392392
TB_setaria_12_0581	0.000001  0.000001  0.000001  0.999996
TB_setaria_12_0582	0.359389  0.115718  0.000001  0.524892
TB_setaria_12_0586	0.852976  0.147021  0.000001  0.000001
TB_setaria_12_0590	0.955084  0.044913  0.000001  0.000001
TB_setaria_12_0591	0.531058  0.212319  0.000001  0.256621
TB_setaria_12_0593	0.720277  0.026168  0.023775  0.229780
TB_setaria_12_0594	0.558305  0.000001  0.000001  0.441692
TB_setaria_12_0597	0.999996  0.000001  0.000001  0.000001
TB_setaria_12_0598	0.000001  0.631265  0.000001  0.368732
TB_setaria_12_0605	0.208665  0.000001  0.227033  0.564300
TB_setaria_12_0606	0.398171  0.242134  0.000001  0.359694
TB_setaria_12_0610	0.000001  0.229634  0.000001  0.770363
TB_setaria_12_0611	0.670741  0.000001  0.000001  0.329257
TB_setaria_12_0612	0.484524  0.275089  0.240385  0.000001
TB_setaria_12_0614	0.000001  0.999996  0.000001  0.000001
TB_setaria_12_0624	0.001184  0.998813  0.000001  0.000001
TB_setaria_12_0627	0.000001  0.946498  0.053499  0.000001
TB_setaria_12_0405	0.577380  0.000001  0.422617  0.000001
TB_setaria_12_0437	0.000001  0.000001  0.000001  0.999996
TB_setaria_12_0439	0.000001  0.000001  0.000001  0.999996
TB_setaria_12_0440	0.122375  0.000001  0.323564  0.554060
TB_setaria_12_0441	0.106328  0.000208  0.000001  0.893463
TB_setaria_12_0444	0.686012  0.000001  0.000001  0.313985
TB_setaria_12_0445	0.999996  0.000001  0.000001  0.000001
TB_setaria_12_0446	0.000001  0.000001  0.000001  0.999996
TB_setaria_12_0447	0.177790  0.000001  0.000001  0.822207
TB_setaria_12_0449	0.438880  0.000001  0.000001  0.561117
TB_setaria_12_0450	0.250900  0.000001  0.256915  0.492183
TB_setaria_12_0452	0.999996  0.000001  0.000001  0.000001
TB_setaria_12_0453	0.000001  0.000001  0.000001  0.999996
TB_setaria_12_0454	0.999996  0.000001  0.000001  0.000001
TB_setaria_12_0455	0.694131  0.047289  0.000001  0.258578
TB_setaria_12_0456	0.561993  0.106614  0.000001  0.331392
TB_setaria_12_0457	0.304368  0.000001  0.695629  0.000001
TB_setaria_12_0458	0.999996  0.000001  0.000001  0.000001
TB_setaria_12_0460	0.652783  0.075265  0.162067  0.109885
TB_setaria_12_0462	0.000001  0.269797  0.000001  0.730201
TB_setaria_12_0468	0.000001  0.000001  0.000001  0.999996
TB_setaria_12_0471	0.000001  0.201778  0.798219  0.000001
TB_setaria_12_0507	0.000001  0.999996  0.000001  0.000001
TB_setaria_12_0527	0.422887  0.577110  0.000001  0.000001
TB_setaria_12_0628	0.999996  0.000001  0.000001  0.000001
TB_setaria_12_0532	0.999996  0.000001  0.000001  0.000001
TB_setaria_12_0533	0.999996  0.000001  0.000001  0.000001
TB_setaria_12_0534	0.621622  0.337503  0.000001  0.040874
TB_setaria_12_0064	0.000001  0.000001  0.999996  0.000001
TB_setaria_12_0147	0.000001  0.000001  0.000001  0.999996
TB_setaria_12_0006	0.000001  0.999996  0.000001  0.000001
TB_setaria_12_0039	0.000001  0.138442  0.861555  0.000001
TB_setaria_12_0044	0.000001  0.023593  0.976404  0.000001
TB_setaria_12_0126	0.000001  0.000001  0.000001  0.999996
TB_setaria_12_0136	0.000001  0.000001  0.000001  0.999996
TB_setaria_12_0153	0.000001  0.000001  0.000001  0.999996
TB_setaria_12_0156	0.000001  0.000001  0.000001  0.999996
TB_setaria_12_0157	0.000001  0.000001  0.000001  0.999996
TB_setaria_12_0161	0.000001  0.197050  0.000001  0.802947
TB_setaria_12_0169	0.332732  0.153779  0.389068  0.124420
TB_setaria_12_0053	0.000001  0.999996  0.000001  0.000001
TB_setaria_12_0257	0.000001  0.596966  0.000001  0.403031
TB_setaria_12_0148	0.000001  0.000001  0.000001  0.999996
TB_setaria_12_0023	0.000001  0.000001  0.000001  0.999996
TB_setaria_12_0042	0.000001  0.034045  0.965952  0.000001
TB_setaria_12_0048	0.983660  0.016337  0.000001  0.000001
TB_setaria_12_0052	0.000001  0.172184  0.000001  0.827813
TB_setaria_12_0095	0.195520  0.804477  0.000001  0.000001
TB_setaria_12_0155	0.000001  0.000001  0.051094  0.948903
TB_setaria_12_0255	0.000001  0.000001  0.000001  0.999996
TB_setaria_12_0265	0.667001  0.171236  0.161741  0.000021
TB_setaria_12_0251	0.000001  0.000001  0.896744  0.103253
TB_setaria_12_0259	0.071453  0.586546  0.000001  0.341999
TB_setaria_12_0131	0.000001  0.000001  0.064894  0.935103
TB_setaria_12_0252	0.000001  0.000001  0.899340  0.100657
TB_setaria_12_0130	0.000001  0.000001  0.241022  0.758975
TB_setaria_12_0139	0.000001  0.000001  0.012834  0.987164
TB_setaria_12_0065	0.000001  0.694040  0.180482  0.125476
TB_setaria_12_0212	0.000001  0.000001  0.164339  0.835658
TB_setaria_12_0204	0.000001  0.000001  0.110474  0.889523
TB_setaria_12_0245	0.023071  0.738263  0.073093  0.165573
TB_setaria_12_0195	0.270509  0.327467  0.380059  0.021966
TB_setaria_12_0127	0.442468  0.125596  0.000001  0.431934
TB_setaria_12_0274	0.890615  0.005314  0.104070  0.000001
TB_setaria_12_0275	0.782838  0.000001  0.000001  0.217159
TB_setaria_12_0278	0.621012  0.000001  0.141654  0.237332
TB_setaria_12_0279	0.999996  0.000001  0.000001  0.000001
TB_setaria_12_0281	0.788785  0.025324  0.072632  0.113260
TB_setaria_12_0282	0.554761  0.019886  0.197695  0.227659
TB_setaria_12_0283	0.999996  0.000001  0.000001  0.000001
TB_setaria_12_0285	0.851909  0.000001  0.148088  0.000001
TB_setaria_12_0286	0.852751  0.000001  0.000001  0.147246
TB_setaria_12_0289	0.047302  0.000001  0.952695  0.000001
TB_setaria_12_0263	0.293784  0.706213  0.000001  0.000001
TB_setaria_12_0302	0.999996  0.000001  0.000001  0.000001
TB_setaria_12_0303	0.949978  0.050019  0.000001  0.000001
TB_setaria_12_0322	0.853101  0.146896  0.000001  0.000001
TB_setaria_12_0332	0.999996  0.000001  0.000001  0.000001
TB_setaria_12_0391	0.214701  0.785297  0.000001  0.000001
TB_setaria_12_0392	0.000001  0.702259  0.297738  0.000001
TB_setaria_12_0395	0.214438  0.785559  0.000001  0.000001
TB_setaria_12_0398	0.576496  0.423501  0.000001  0.000001
TB_setaria_12_0400	0.000001  0.790887  0.000001  0.209110
TB_setaria_12_0404	0.304804  0.119012  0.502107  0.074076
TB_setaria_12_0438	0.999996  0.000001  0.000001  0.000001
TB_setaria_12_0451	0.999996  0.000001  0.000001  0.000001
TB_setaria_12_0487	0.201951  0.313125  0.049001  0.435923
TB_setaria_12_0488	0.000001  0.201532  0.000001  0.798465
TB_setaria_12_0489	0.364530  0.135666  0.000001  0.499803
TB_setaria_12_0490	0.497113  0.036797  0.466088  0.000001
TB_setaria_12_0491	0.970142  0.000001  0.029855  0.000001
TB_setaria_12_0492	0.341491  0.331246  0.000001  0.327262
TB_setaria_12_0494	0.513449  0.134274  0.000001  0.352275
TB_setaria_12_0495	0.999996  0.000001  0.000001  0.000001
TB_setaria_12_0496	0.000001  0.246849  0.000001  0.753148
TB_setaria_12_0497	0.999996  0.000001  0.000001  0.000001
TB_setaria_12_0498	0.902997  0.095942  0.001059  0.000001
TB_setaria_12_0472	0.568196  0.431801  0.000001  0.000001
TB_setaria_12_0475	0.034594  0.741579  0.000001  0.223826
TB_setaria_12_0477	0.182354  0.621646  0.126632  0.069368
TB_setaria_12_0476	0.000001  0.419024  0.580973  0.000001
TB_setaria_12_0478	0.000001  0.963062  0.001864  0.035072
TB_setaria_12_0480	0.530424  0.444157  0.000001  0.025417
TB_setaria_12_0482	0.202851  0.723631  0.000001  0.073516
TB_setaria_12_0485	0.055364  0.233402  0.320578  0.390656
TB_setaria_12_0465	0.000001  0.000001  0.999996  0.000001
TB_setaria_12_0469	0.000001  0.960309  0.000001  0.039688
TB_setaria_12_0522	0.000001  0.999996  0.000001  0.000001
TB_setaria_12_0522a	0.000001  0.999996  0.000001  0.000001
TB_setaria_12_0524	0.000001  0.227414  0.631920  0.140664
TB_setaria_12_0526	0.000001  0.495618  0.504379  0.000001
TB_setaria_12_0528	0.000001  0.999996  0.000001  0.000001
TB_setaria_12_0512	0.238866  0.761131  0.000001  0.000001
TB_setaria_12_0511	0.000001  0.999996  0.000001  0.000001
TB_setaria_12_0513	0.000001  0.911370  0.000001  0.088627
TB_setaria_12_0514	0.000001  0.000001  0.999996  0.000001
TB_setaria_12_0518	0.000001  0.999931  0.000001  0.000066
TB_setaria_12_0503	0.000001  0.655880  0.174331  0.169787
TB_setaria_12_0504	0.000001  0.858844  0.000001  0.141153
TB_setaria_12_0506	0.189685  0.781519  0.000001  0.028795
TB_setaria_12_0508	0.000001  0.859007  0.000001  0.140990
TB_setaria_12_0509	0.000397  0.732861  0.000001  0.266741
TB_setaria_12_0510	0.000001  0.999996  0.000001  0.000001
TB_setaria_12_0499	0.957183  0.042814  0.000001  0.000001
TB_setaria_12_0500	0.999996  0.000001  0.000001  0.000001
TB_setaria_12_0501	0.999996  0.000001  0.000001  0.000001
TB_setaria_12_0467	0.000001  0.000001  0.999996  0.000001
TB_setaria_12_0123	0.305723  0.110220  0.584056  0.000001
TB_setaria_12_0124	0.424213  0.058646  0.000001  0.517140
TB_setaria_12_0125	0.000001  0.220893  0.000001  0.779105
TB_setaria_12_0128	0.000001  0.000001  0.000001  0.999996
TB_setaria_12_0132	0.000001  0.000001  0.000001  0.999996
TB_setaria_12_0133	0.000001  0.000001  0.000001  0.999996
TB_setaria_12_0134	0.000001  0.018777  0.080118  0.901104
TB_setaria_12_0137	0.000001  0.000001  0.033290  0.966707
TB_setaria_12_0146	0.000001  0.000001  0.000001  0.999996
TB_setaria_12_0154	0.000001  0.000001  0.019350  0.980647
TB_setaria_12_0159	0.000001  0.000001  0.000001  0.999996
TB_setaria_12_0163	0.999996  0.000001  0.000001  0.000001
TB_setaria_12_0165	0.245129  0.000001  0.466306  0.288563
TB_setaria_12_0167	0.443516  0.119752  0.000001  0.436730
TB_setaria_12_0191	0.000001  0.000001  0.999996  0.000001
TB_setaria_12_0192	0.063690  0.514326  0.421983  0.000001
TB_setaria_12_0201	0.000001  0.000001  0.999996  0.000001
TB_setaria_12_0205	0.000001  0.000001  0.007772  0.992225
TB_setaria_12_0206	0.000001  0.000001  0.063880  0.936117
TB_setaria_12_0292	0.768337  0.000001  0.231660  0.000001
TB_setaria_12_0294	0.999996  0.000001  0.000001  0.000001
TB_setaria_12_0296	0.999996  0.000001  0.000001  0.000001
TB_setaria_12_0297	0.000001  0.448078  0.000001  0.551919
TB_setaria_12_0298	0.999996  0.000001  0.000001  0.000001
TB_setaria_12_0299	0.999996  0.000001  0.000001  0.000001
TB_setaria_12_0301	0.999996  0.000001  0.000001  0.000001
TB_setaria_12_0304	0.999996  0.000001  0.000001  0.000001
TB_setaria_12_0305	0.999996  0.000001  0.000001  0.000001
TB_setaria_12_0307	0.596932  0.000001  0.000001  0.403065
TB_setaria_12_0308	0.858380  0.000001  0.000001  0.141617
TB_setaria_12_0309	0.622297  0.052656  0.000001  0.325045
TB_setaria_12_0310	0.484287  0.001584  0.000001  0.514128
TB_setaria_12_0311	0.408707  0.180836  0.000001  0.410456
TB_setaria_12_0312	0.912383  0.031571  0.000001  0.056044
TB_setaria_12_0313	0.911855  0.006742  0.000001  0.081401
TB_setaria_12_0314	0.298488  0.000001  0.000001  0.701509
TB_setaria_12_0315	0.335348  0.000001  0.168207  0.496444
TB_setaria_12_0316	0.671616  0.228438  0.044886  0.055060
TB_setaria_12_0317	0.404780  0.034182  0.000001  0.561036
TB_setaria_12_0318	0.949499  0.000001  0.000001  0.050498
TB_setaria_12_0319	0.999996  0.000001  0.000001  0.000001
TB_setaria_12_0321	0.853104  0.146893  0.000001  0.000001
TB_setaria_12_0323	0.999996  0.000001  0.000001  0.000001
TB_setaria_12_0324	0.999996  0.000001  0.000001  0.000001
TB_setaria_12_0325	0.999996  0.000001  0.000001  0.000001
TB_setaria_12_0326	0.870144  0.129853  0.000001  0.000001
TB_setaria_12_0327	0.959291  0.040706  0.000001  0.000001
TB_setaria_12_0328	0.863714  0.136283  0.000001  0.000001
TB_setaria_12_0329	0.999996  0.000001  0.000001  0.000001
TB_setaria_12_0330	0.971391  0.000001  0.000001  0.028606
TB_setaria_12_0333	0.800462  0.000001  0.000001  0.199535
TB_setaria_12_0334	0.810718  0.000001  0.000001  0.189279
TB_setaria_12_0335	0.000001  0.222203  0.000001  0.777794
TB_setaria_12_0336	0.867106  0.049389  0.000001  0.083504
TB_setaria_12_0337	0.924835  0.029438  0.000001  0.045726
TB_setaria_12_0338	0.507023  0.000001  0.000001  0.492974
TB_setaria_12_0339	0.139429  0.000001  0.318546  0.542024
TB_setaria_12_0340	0.986528  0.000001  0.000001  0.013469
TB_setaria_12_0341	0.999996  0.000001  0.000001  0.000001
TB_setaria_12_0342	0.000001  0.000001  0.000001  0.999996
TB_setaria_12_0343	0.000001  0.000001  0.000001  0.999996
TB_setaria_12_0344	0.000001  0.000001  0.000001  0.999996
TB_setaria_12_0345	0.000001  0.000001  0.000001  0.999996
TB_setaria_12_0346	0.000001  0.000001  0.000001  0.999996
TB_setaria_12_0347	0.765447  0.000001  0.069128  0.165423
TB_setaria_12_0348	0.999996  0.000001  0.000001  0.000001
TB_setaria_12_0349	0.625006  0.000001  0.359188  0.015805
TB_setaria_12_0350	0.999996  0.000001  0.000001  0.000001
TB_setaria_12_0351	0.853006  0.146991  0.000001  0.000001
TB_setaria_12_0352	0.931600  0.000001  0.000001  0.068397
TB_setaria_12_0353	0.685275  0.000001  0.089319  0.225405
TB_setaria_12_0354	0.871483  0.128514  0.000001  0.000001
TB_setaria_12_0355	0.999996  0.000001  0.000001  0.000001
TB_setaria_12_0356	0.912871  0.000001  0.056034  0.031094
TB_setaria_12_0357	0.999996  0.000001  0.000001  0.000001
TB_setaria_12_0358	0.000001  0.263132  0.000001  0.736865
TB_setaria_12_0359	0.999996  0.000001  0.000001  0.000001
TB_setaria_12_0360	0.999996  0.000001  0.000001  0.000001
TB_setaria_12_0361	0.972364  0.027633  0.000001  0.000001
TB_setaria_12_0362	0.215957  0.054836  0.000001  0.729205
TB_setaria_12_0363	0.678399  0.000001  0.089189  0.232411
TB_setaria_12_0364	0.000001  0.000001  0.000001  0.999996
TB_setaria_12_0365	0.999996  0.000001  0.000001  0.000001
TB_setaria_12_0366	0.813077  0.000001  0.041590  0.145332
TB_setaria_12_0367	0.999996  0.000001  0.000001  0.000001
TB_setaria_12_0368	0.000001  0.387243  0.000001  0.612754
TB_setaria_12_0376	0.000001  0.999996  0.000001  0.000001
TB_setaria_12_0381	0.000001  0.208226  0.000001  0.791771
TB_setaria_12_0382	0.025983  0.475166  0.000001  0.498849
TB_setaria_12_0384	0.807005  0.000525  0.087187  0.105283
TB_setaria_12_0272	0.999996  0.000001  0.000001  0.000001
TB_setaria_12_0273	0.999996  0.000001  0.000001  0.000001
TB_setaria_12_0276	0.024053  0.000001  0.975944  0.000001
TB_setaria_12_0277	0.999996  0.000001  0.000001  0.000001
TB_setaria_12_0284	0.798065  0.000001  0.000001  0.201932
TB_setaria_12_0287	0.999996  0.000001  0.000001  0.000001
TB_setaria_12_0288	0.999996  0.000001  0.000001  0.000001
TB_setaria_12_0293	0.946201  0.047686  0.000001  0.006111
TB_setaria_12_0295	0.971795  0.028202  0.000001  0.000001
TB_setaria_12_0300	0.971679  0.028318  0.000001  0.000001
TB_setaria_12_0210	0.000001  0.000001  0.000001  0.999996
TB_setaria_12_0211	0.000001  0.000001  0.000001  0.999996
TB_setaria_12_0223	0.914220  0.049670  0.000001  0.036109
TB_setaria_12_0226	0.000001  0.000001  0.000198  0.999800
TB_setaria_12_0227	0.914556  0.049354  0.000001  0.036089
TB_setaria_12_0228	0.000001  0.000001  0.000001  0.999996
TB_setaria_12_0229	0.000001  0.000001  0.000001  0.999996
TB_setaria_12_0238	0.000001  0.000001  0.061632  0.938365
TB_setaria_12_0239	0.000001  0.000001  0.003856  0.996141
TB_setaria_12_0264	0.019213  0.070563  0.233872  0.676352
TB_setaria_12_0386	0.093993  0.169104  0.736902  0.000001
IB_1	0.000001  0.999996  0.000001  0.000001
MF_194	0.000001  0.999996  0.000001  0.000001
MF_195	0.000001  0.957318  0.000001  0.042679
MF_196	0.000001  0.775711  0.224286  0.000001
MF_197	0.072459  0.671194  0.234005  0.022342
MF_199	0.029793  0.970204  0.000001  0.000001
MF_202	0.000001  0.999996  0.000001  0.000001
MF_204	0.000001  0.985700  0.000001  0.014297
MF_205	0.000001  0.000001  0.871090  0.128907
MF_206	0.000001  0.801582  0.198415  0.000001
MF_208	0.442458  0.557539  0.000001  0.000001
NL_1	0.000001  0.999996  0.000001  0.000001
PH_001	0.000001  0.455597  0.544400  0.000001
PH_002	0.000001  0.250715  0.749282  0.000001
PH_003	0.000001  0.666408  0.333589  0.000001
PH_004	0.685162  0.220517  0.008237  0.086085
PH_005	0.000001  0.246266  0.753731  0.000001
PH_006	0.000001  0.881603  0.000001  0.118394
PH_007	0.000001  0.886753  0.000001  0.113244
PH_008	0.187945  0.354465  0.457588  0.000001
PH_009	0.000002  0.999995  0.000001  0.000001
PH_010	0.499968  0.500029  0.000001  0.000001
PH_011	0.167042  0.798255  0.000001  0.034701
PH_012	0.000001  0.934869  0.000001  0.065128
PH_013	0.668632  0.303566  0.007310  0.020492
PH_014	0.000001  0.361303  0.638694  0.000001
PH_015	0.000001  0.866094  0.000001  0.133903
PH_016	0.000001  0.000001  0.999996  0.000001
PH_017	0.000001  0.534949  0.465048  0.000001
PH_018	0.160754  0.380060  0.385602  0.073584
PH_019	0.000001  0.239736  0.760261  0.000001
PH_020	0.000001  0.183207  0.816790  0.000001
PH_021	0.000001  0.007079  0.992918  0.000001
PH_022	0.031969  0.502486  0.461785  0.003760
PH_023	0.083865  0.490473  0.220801  0.204862
PH_024	0.292173  0.000001  0.707824  0.000001
PH_025	0.000001  0.273206  0.521318  0.205474
PH_026	0.068954  0.098390  0.831489  0.001168
PH_027	0.413460  0.171666  0.345490  0.069384
PH_028	0.411413  0.000001  0.588584  0.000001
PH_029	0.428731  0.252033  0.243504  0.075731
PH_030	0.132995  0.417315  0.309080  0.140611
PH_031	0.494398  0.428517  0.000001  0.077083
PH_032	0.332454  0.000001  0.667543  0.000001
PH_033	0.562991  0.148400  0.254925  0.033685
PH_034	0.365786  0.163279  0.470933  0.000001
PH_035	0.195407  0.477204  0.053712  0.273678
PH_036	0.398128  0.000001  0.601869  0.000001
PH_037	0.268020  0.344329  0.120824  0.266827
PH_038	0.049632  0.315887  0.564404  0.070077
PH_039	0.165090  0.396713  0.139770  0.298428
PH_040	0.000001  0.240180  0.488492  0.271327
PH_041	0.181311  0.089297  0.022808  0.706584
PH_042	0.339941  0.303231  0.218231  0.138597
PH_043	0.219225  0.128844  0.000001  0.651930
PH_044	0.654894  0.051070  0.132082  0.161954
PH_045	0.473656  0.098114  0.095176  0.333055
PH_046	0.559904  0.168365  0.128157  0.143574
PH_047	0.779123  0.007077  0.136328  0.077472
PH_048	0.864910  0.085265  0.049823  0.000001
PH_049	0.999996  0.000001  0.000001  0.000001
PH_050	0.796765  0.029370  0.000001  0.173864
PH_051	0.428443  0.000001  0.506001  0.065554
PH_052	0.000001  0.000001  0.000001  0.999996
PH_053	0.807001  0.087192  0.078256  0.027551
PH_054	0.471563  0.000001  0.000001  0.528434
PH_055	0.532265  0.027131  0.145227  0.295377
PH_056	0.951758  0.000001  0.000001  0.048239
PH_057	0.000001  0.000001  0.000001  0.999996
PH_058	0.845971  0.154026  0.000001  0.000001
PH_060	0.851455  0.148543  0.000001  0.000001
PH_061	0.752289  0.000001  0.233921  0.013788
PH_062	0.864567  0.135430  0.000001  0.000001
PH_063	0.999996  0.000001  0.000001  0.000001
PH_064	0.358629  0.191466  0.064171  0.385734
PH_065	0.133644  0.037096  0.000001  0.829259
PH_066	0.206554  0.000001  0.254822  0.538623
PH_067	0.848423  0.151574  0.000001  0.000001
PH_068	0.451347  0.000001  0.000001  0.548650
PH_069	0.870303  0.129066  0.000630  0.000001
PH_070	0.557119  0.302735  0.000001  0.140145
PH_071	0.706391  0.000001  0.000001  0.293606
PH_072	0.241116  0.000001  0.000001  0.758881
PH_073	0.000001  0.384251  0.000001  0.615746
PH_074	0.479303  0.219072  0.134304  0.167321
PH_075	0.613418  0.000520  0.000001  0.386061
PH_076	0.228740  0.199099  0.000001  0.572160
PH_077	0.000001  0.000001  0.000001  0.999996
PH_078	0.000001  0.093167  0.000001  0.906830
PH_079	0.000001  0.105892  0.000001  0.894105
PH_081	0.999996  0.000001  0.000001  0.000001
PH_082	0.342462  0.000001  0.536143  0.121393
PH_083	0.000001  0.007953  0.000001  0.992044
PH_084	0.497766  0.000001  0.000001  0.502231
PH_085	0.387426  0.000001  0.438315  0.174258
PH_086	0.555724  0.000001  0.000001  0.444273
PH_087	0.278800  0.138831  0.020821  0.561548
PH_088	0.000001  0.000001  0.927547  0.072450
PH_089	0.357834  0.271163  0.242494  0.128508
PH_090	0.000001  0.000001  0.000001  0.999996
PH_092	0.000001  0.162130  0.000001  0.837867
PH_093	0.503862  0.079057  0.000001  0.417080
PH_094	0.035444  0.156672  0.406529  0.401355
PH_096	0.126450  0.077907  0.530773  0.264870
PH_097	0.000001  0.551166  0.448831  0.000001
PH_098	0.078513  0.532140  0.000001  0.389346
PH_099	0.116083  0.049356  0.724538  0.110023
PH_100	0.000001  0.521264  0.000001  0.478733
PH_101	0.000001  0.509538  0.000001  0.490459
PH_102	0.263118  0.000001  0.639534  0.097346
PH_103	0.257192  0.329078  0.000001  0.413729
PH_104	0.667795  0.269644  0.062560  0.000001
PH_105	0.188618  0.702592  0.000001  0.108788
PH_106	0.413673  0.000001  0.586324  0.000001
PH_107	0.000001  0.686848  0.000001  0.313150
PH_108	0.140124  0.048511  0.660502  0.150862
PH_109	0.124876  0.396992  0.000001  0.478130
PH_110	0.230762  0.183486  0.181423  0.404329
PH_111	0.055035  0.269812  0.581867  0.093285
PH_112	0.000001  0.652171  0.000001  0.347826
PH_113	0.000001  0.087126  0.000001  0.912871
PH_114	0.704923  0.073367  0.030673  0.191038
PH_115	0.225333  0.000001  0.346442  0.428224
PH_116	0.000001  0.095164  0.697266  0.207569
PH_117	0.000001  0.453935  0.000001  0.546062
PH_118	0.019065  0.080946  0.668346  0.231643
PH_119	0.157374  0.154450  0.640710  0.047466
PH_120	0.310594  0.358114  0.092586  0.238706
PH_121	0.259633  0.124443  0.501478  0.114446
PH_122	0.411482  0.087405  0.447346  0.053768
PH_123	0.242462  0.073177  0.531221  0.153140
PH_124	0.250993  0.370535  0.282323  0.096149
PH_125	0.046926  0.223568  0.637368  0.092137
PH_127	0.000001  0.229289  0.460643  0.310067
PH_129	0.000001  0.196008  0.631337  0.172653
PH_130	0.000001  0.322062  0.499712  0.178224
PH_131	0.221179  0.200087  0.432943  0.145792
PH_132	0.568345  0.058819  0.230577  0.142258
PH_133	0.637890  0.080135  0.159686  0.122289
PH_134	0.167355  0.115443  0.512983  0.204219
PH_135	0.000001  0.124075  0.602546  0.273378
PH_136	0.283172  0.257907  0.249227  0.209693
PH_137	0.290050  0.453140  0.000001  0.256808
PH_139	0.460658  0.215518  0.000001  0.323823
PH_140	0.514476  0.336827  0.000001  0.148696
PH_141	0.999996  0.000001  0.000001  0.000001
PH_143	0.265362  0.336890  0.341270  0.056479
PH_144	0.000001  0.127339  0.842088  0.030572
PH_145	0.667785  0.268019  0.064194  0.000001
PH_146	0.654041  0.010246  0.335712  0.000001
PH_147	0.000001  0.000001  0.999996  0.000001
PH_149	0.999996  0.000001  0.000001  0.000001
PH_150	0.089632  0.000902  0.625871  0.283595
